3706
2547
2874
1430
1240
2361
1631
843
493
405
1257
574
174
723
856
692
413
822
466
739
1510
1378
1154
669
510
1535
483
452
1808
341
179
208
295
139
169
144
303
224
150
144
453
418
325
266
133
325
158
233
244
152
112
230
470
137
1009
239
321
270
169
235
347
235
306
293
128
193
186
154
194
246
201
157
154
236
189
218
214
161
353
186
119
131
155
205
237
207
143
156
136
147
133
120
123
142
137
166
107
219
136
149
216
231
101
198
100
201
215
100
98
182
147
130
422
181
125
181
276
487
208
257
311
303
988
108
174
329
394
207
321
359
281
231
190
215
190
178
128
170
119
115
181
249
191
225
126
145
144
167
106
167
95
100
149
155
170
385
140
158
391
155
134
95
131
229
96
124
104
94
183
160
128
115
116
162
179
110
89
168
179
87
98
275
517
138
151
132
218
128
139
152
333
123
178
114
109
166
169
119
113
119
181
98
112
229
257
155
133
152
112
130
278
91
68
95
86
76
74
112
126
75
83
134
87
82
112
314
135
82
184
134
204
87
118
187
194
199
238
213
143
252
283
262
189
225
253
134
181
218
193
240
174
129
199
219
256
186
79
137
105
90
105
146
83
120
166
93
138
109
194
168
83
127
94
90
103
103
84
101
95
206
145
77
116
93
153
83
87
121
95
76
87
86
79
105
128
112
210
210
140
159
142
117
78
88
127
171
157
129
158
78
80
88
90
91
230
149
147
77
101
296
79
101
188
141
134
115
508
91
96
73
89
82
131
76
134
99
80
126
83
114
96
190
78
112
137
188
226
204
116
140
147
120
124
196
204
128
230
129
113
130
208
88
121
180
118
121
172
123
193
203
247
129
164
125
130
144
175
92
229
163
499
200
411
64
158
192
89
79
123
96
70
85
102
83
79
69
101
119
115
142
112
88
206
84
95
98
79
341
269
367
175
39
110
192
134
212
268
196
413
213
305
273
259
700
190
224
168
263
278
183
253
150
198
142
144
282
174
323
662
241
369
360
196
144
156
180
102
157
97
110
83
164
115
152
77
221
80
71
145
71
98
115
74
80
76
84
106
79
80
78
91
123
103
142
154
117
126
105
125
295
257
84
215
83
92
74
134
98
90
102
72
117
114
110
165
99
259
77
92
76
115
167
156
101
119
101
118
99
61
80
134
132
134
97
85
128
129
84
74
123
174
121
79
65
137
109
126
390
82
131
101
110
130
123
76
71
145
224
144
90
75
166
75
144
75
274
124
82
167
87
145
68
77
91
74
78
105
76
150
113
132
88
74
74
80
98
250
75
74
94
82
131
107
92
76
74
93
124
72
83
88
161
80
59
125
87
122
79
101
152
87
115
93
99
97
84
166
111
116
86
73
90
77
119
135
206
68
167
102
103
282
78
101
101
114
115
178
112
69
79
107
106
129
223
157
84
82
115
204
74
121
119
99
83
82
120
121
103
83
101
83
188
112
99
129
140
110
79
136
74
220
128
243
96
73
73
344
73
129
240
74
88
73
95
93
90
318
95
93
150
81
106
137
211
204
152
124
147
92
224
96
266
77
184
84
134
66
92
102
84
108
106
112
92
92
74
118
157
128
132
117
162
85
146
78
146
114
103
79
144
74
92
136
73
132
74
83
124
85
80
121
199
109
185
96
121
191
76
74
109
130
85
81
196
76
162
118
87
77
71
112
71
88
220
119
73
258
84
226
66
91
98
73
90
129
182
178
88
85
116
146
70
88
94
109
157
80
77
99
94
104
85
163
69
76
71
416
84
123
43
87
120
117
148
57
127
126
149
97
179
120
70
96
146
120
85
87
74
79
102
126
200
91
281
86
283
129
112
75
118
67
131
145
81
84
73
99
116
149
158
68
86
180
107
72
145
155
93
90
136
72
88
72
86
111
101
82
110
137
89
153
126
125
86
129
155
139
90
205
109
89
100
134
120
230
131
45
92
417
86
80
135
84
80
148
155
73
136
161
146
110
285
68
120
69
96
98
86
108
125
86
85
92
105
94
72
81
178
145
106
200
94
82
76
126
78
77
120
139
509
119
110
78
258
281
86
166
70
91
114
136
106
72
85
128
90
75
87
131
229
168
127
81
101
141
74
116
93
77
222
89
91
140
108
77
80
73
89
100
268
273
91
89
117
99
79
83
146
210
159
223
67
133
78
101
62
106
84
69
76
83
157
67
73
118
92
90
96
179
72
81
253
96
149
100
106
93
252
182
121
98
298
75
67
215
123
89
129
73
105
87
105
339
105
142
88
76
73
134
75
Failed 0 times
